{
  "nbformat": 4,
  "nbformat_minor": 0,
  "metadata": {
    "colab": {
      "provenance": [],
      "gpuType": "V28"
    },
    "kernelspec": {
      "name": "python3",
      "display_name": "Python 3"
    },
    "language_info": {
      "name": "python"
    },
    "accelerator": "TPU"
  },
  "cells": [
    {
      "cell_type": "markdown",
      "source": [
        "# **Restaurant Recommendation**"
      ],
      "metadata": {
        "id": "YgmmebZnw6fp"
      }
    },
    {
      "cell_type": "markdown",
      "source": [
        "In this task, you will work on mining this data set to discover knowledge about cuisines. In the Yelp data set, businesses are tagged with categories. For example, the category \"restaurant\" identifies all the restaurants. Specific restaurants are also tagged with cuisines (e.g., \"Indian\" or \"Italian\"). This provides an opportunity to aggregate all the information about a particular cuisine and obtain an enriched representation of a cuisine using, for example, review text for all the restaurants of a particular cuisine. Such a representation can then be exploited to assess the similarity between two cuisines, which further enables clustering of cuisines.\n",
        "<br>\n",
        "\n",
        "The goal of this task is to mine the data set to construct a cuisine map to visually understand the landscape of different types of cuisines and their similarities. The cuisine map can help users understand what cuisines are available and their relations, which allows for the discovery of new cuisines, thus facilitating exploration of unfamiliar cuisines.\n",
        "<br>\n",
        "\n",
        "**Step 1: Visualization of the Cuisine Map**\n",
        "\n",
        "Use all the reviews of restaurants of each cuisine to represent that cuisine, and compute the similarity of cuisines based on the similarity of their corresponding text representations. Visualize the similarities of the cuisines and describe your visualization.  \n",
        "\n",
        "**Step 2: Extract Topic for Similar Cuisines to Uncover the Pattern**  "
      ],
      "metadata": {
        "id": "DWYbIETJFOzl"
      }
    },
    {
      "cell_type": "code",
      "source": [
        "!pip install wordcloud matplotlib"
      ],
      "metadata": {
        "colab": {
          "base_uri": "https://localhost:8080/"
        },
        "id": "TI_AgFndf9NY",
        "outputId": "2120b1f0-ae83-4e3a-8005-a708c6752264"
      },
      "execution_count": null,
      "outputs": [
        {
          "output_type": "stream",
          "name": "stdout",
          "text": [
            "Collecting wordcloud\n",
            "  Downloading wordcloud-1.9.3-cp310-cp310-manylinux_2_17_x86_64.manylinux2014_x86_64.whl.metadata (3.4 kB)\n",
            "Requirement already satisfied: matplotlib in /usr/local/lib/python3.10/dist-packages (3.7.1)\n",
            "Requirement already satisfied: numpy>=1.6.1 in /usr/local/lib/python3.10/dist-packages (from wordcloud) (1.26.4)\n",
            "Requirement already satisfied: pillow in /usr/local/lib/python3.10/dist-packages (from wordcloud) (10.4.0)\n",
            "Requirement already satisfied: contourpy>=1.0.1 in /usr/local/lib/python3.10/dist-packages (from matplotlib) (1.3.0)\n",
            "Requirement already satisfied: cycler>=0.10 in /usr/local/lib/python3.10/dist-packages (from matplotlib) (0.12.1)\n",
            "Requirement already satisfied: fonttools>=4.22.0 in /usr/local/lib/python3.10/dist-packages (from matplotlib) (4.54.1)\n",
            "Requirement already satisfied: kiwisolver>=1.0.1 in /usr/local/lib/python3.10/dist-packages (from matplotlib) (1.4.7)\n",
            "Requirement already satisfied: packaging>=20.0 in /usr/local/lib/python3.10/dist-packages (from matplotlib) (24.1)\n",
            "Requirement already satisfied: pyparsing>=2.3.1 in /usr/local/lib/python3.10/dist-packages (from matplotlib) (3.1.4)\n",
            "Requirement already satisfied: python-dateutil>=2.7 in /usr/local/lib/python3.10/dist-packages (from matplotlib) (2.9.0.post0)\n",
            "Requirement already satisfied: six>=1.5 in /usr/local/lib/python3.10/dist-packages (from python-dateutil>=2.7->matplotlib) (1.16.0)\n",
            "Downloading wordcloud-1.9.3-cp310-cp310-manylinux_2_17_x86_64.manylinux2014_x86_64.whl (511 kB)\n",
            "\u001b[2K   \u001b[90m━━━━━━━━━━━━━━━━━━━━━━━━━━━━━━━━━━━━━━━━\u001b[0m \u001b[32m511.1/511.1 kB\u001b[0m \u001b[31m3.2 MB/s\u001b[0m eta \u001b[36m0:00:00\u001b[0m\n",
            "\u001b[?25hInstalling collected packages: wordcloud\n",
            "Successfully installed wordcloud-1.9.3\n"
          ]
        }
      ]
    },
    {
      "cell_type": "code",
      "source": [
        "!pip install wordcloud matplotlib pillow"
      ],
      "metadata": {
        "colab": {
          "base_uri": "https://localhost:8080/"
        },
        "id": "eu0lqsgHiaOT",
        "outputId": "fbe9234a-0c77-437b-9011-bb0b7c175b09"
      },
      "execution_count": null,
      "outputs": [
        {
          "output_type": "stream",
          "name": "stdout",
          "text": [
            "Requirement already satisfied: wordcloud in /usr/local/lib/python3.10/dist-packages (1.9.3)\n",
            "Requirement already satisfied: matplotlib in /usr/local/lib/python3.10/dist-packages (3.7.1)\n",
            "Requirement already satisfied: pillow in /usr/local/lib/python3.10/dist-packages (10.4.0)\n",
            "Requirement already satisfied: numpy>=1.6.1 in /usr/local/lib/python3.10/dist-packages (from wordcloud) (1.26.4)\n",
            "Requirement already satisfied: contourpy>=1.0.1 in /usr/local/lib/python3.10/dist-packages (from matplotlib) (1.3.0)\n",
            "Requirement already satisfied: cycler>=0.10 in /usr/local/lib/python3.10/dist-packages (from matplotlib) (0.12.1)\n",
            "Requirement already satisfied: fonttools>=4.22.0 in /usr/local/lib/python3.10/dist-packages (from matplotlib) (4.54.1)\n",
            "Requirement already satisfied: kiwisolver>=1.0.1 in /usr/local/lib/python3.10/dist-packages (from matplotlib) (1.4.7)\n",
            "Requirement already satisfied: packaging>=20.0 in /usr/local/lib/python3.10/dist-packages (from matplotlib) (24.1)\n",
            "Requirement already satisfied: pyparsing>=2.3.1 in /usr/local/lib/python3.10/dist-packages (from matplotlib) (3.1.4)\n",
            "Requirement already satisfied: python-dateutil>=2.7 in /usr/local/lib/python3.10/dist-packages (from matplotlib) (2.9.0.post0)\n",
            "Requirement already satisfied: six>=1.5 in /usr/local/lib/python3.10/dist-packages (from python-dateutil>=2.7->matplotlib) (1.16.0)\n"
          ]
        }
      ]
    },
    {
      "cell_type": "code",
      "execution_count": null,
      "metadata": {
        "id": "IjQqjnlDFINz"
      },
      "outputs": [],
      "source": [
        "# Import libraries\n",
        "\n",
        "import os\n",
        "import json\n",
        "import re\n",
        "import nltk\n",
        "import numpy as np\n",
        "import matplotlib.pyplot as plt\n",
        "import seaborn as sns\n",
        "import gensim\n",
        "from gensim import corpora\n",
        "from wordcloud import WordCloud, ImageColorGenerator\n",
        "from PIL import Image\n",
        "\n",
        "from nltk.tokenize import word_tokenize\n",
        "from collections import defaultdict\n",
        "from nltk.corpus import stopwords\n",
        "from nltk.stem import PorterStemmer\n",
        "from sklearn.metrics.pairwise import cosine_similarity"
      ]
    },
    {
      "cell_type": "code",
      "source": [
        "# Mount Google Drive\n",
        "\n",
        "from google.colab import drive\n",
        "drive.mount('/content/drive')"
      ],
      "metadata": {
        "colab": {
          "base_uri": "https://localhost:8080/"
        },
        "id": "3h6ofZQYnrYb",
        "outputId": "6502d27c-cdd2-420d-e83b-bda6594195f7"
      },
      "execution_count": null,
      "outputs": [
        {
          "output_type": "stream",
          "name": "stdout",
          "text": [
            "Mounted at /content/drive\n"
          ]
        }
      ]
    },
    {
      "cell_type": "code",
      "source": [
        "# Create Folder\n",
        "business_file_path = '/content/drive/MyDrive/Data Mining Project UIUC/dataset/yelp_academic_dataset_business.json'\n",
        "review_file_path = '/content/drive/MyDrive/Data Mining Project UIUC/dataset/yelp_academic_dataset_review.json'\n",
        "reviews_directory = '/content/drive/MyDrive/Data Mining Project UIUC/reviews_by_category'\n",
        "\n",
        "# Ensure the reviews directory exists\n",
        "if not os.path.exists(reviews_directory):\n",
        "    os.makedirs(reviews_directory)\n",
        "    print(f\"Created directory: {reviews_directory}\")\n",
        "else:\n",
        "    print(f\"Directory already exists: {reviews_directory}\")\n"
      ],
      "metadata": {
        "colab": {
          "base_uri": "https://localhost:8080/"
        },
        "id": "jkaeDrO-n8WN",
        "outputId": "80fb55fd-59b1-4446-9a4a-3e7beae5ced3"
      },
      "execution_count": null,
      "outputs": [
        {
          "output_type": "stream",
          "name": "stdout",
          "text": [
            "Directory already exists: /content/drive/MyDrive/Data Mining Project UIUC/reviews_by_category\n"
          ]
        }
      ]
    },
    {
      "cell_type": "markdown",
      "source": [
        "**Extract Each Categories**"
      ],
      "metadata": {
        "id": "K2zXjHccl_NP"
      }
    },
    {
      "cell_type": "code",
      "source": [
        "# File path to the Yelp business data\n",
        "output_file_path = '/content/drive/MyDrive/Data Mining Project UIUC/task2/unique_categories.txt'\n",
        "\n",
        "# Set to store all unique categories\n",
        "unique_categories = set()"
      ],
      "metadata": {
        "id": "_RJBeizUmCHX"
      },
      "execution_count": null,
      "outputs": []
    },
    {
      "cell_type": "code",
      "source": [
        "# Load business data and extract categories\n",
        "with open(business_file_path, 'r') as business_file:\n",
        "    for line in business_file:\n",
        "        business = json.loads(line.strip())\n",
        "        # Check if 'categories' key exists in the business data\n",
        "        if 'categories' in business:\n",
        "            categories = business['categories']\n",
        "            # If categories are stored as a list of strings\n",
        "            if isinstance(categories, list):\n",
        "                unique_categories.update(categories)  # Add all categories to the set\n",
        "            # If categories are stored as a comma-separated string\n",
        "            elif isinstance(categories, str):\n",
        "                category_list = [category.strip() for category in categories.split(\",\")]\n",
        "                unique_categories.update(category_list)  # Add all categories to the set\n",
        "\n",
        "# Save unique categories to a text file\n",
        "with open(output_file_path, 'w') as file:\n",
        "    for category in sorted(unique_categories):\n",
        "        file.write(f\"{category}\\n\")\n",
        "\n",
        "print(f\"Total Unique Categories: {len(unique_categories)}\")\n",
        "print(f\"Unique categories have been saved to {output_file_path}\")"
      ],
      "metadata": {
        "colab": {
          "base_uri": "https://localhost:8080/"
        },
        "id": "zBNiDHLymc6D",
        "outputId": "e30aa9d7-2f10-482d-c254-ee2fe6f5d9ea"
      },
      "execution_count": null,
      "outputs": [
        {
          "output_type": "stream",
          "name": "stdout",
          "text": [
            "Total Unique Categories: 715\n",
            "Unique categories have been saved to /content/drive/MyDrive/Data Mining Project UIUC/task2/unique_categories.txt\n"
          ]
        }
      ]
    },
    {
      "cell_type": "markdown",
      "source": [
        "**Processing the Selected Categories**"
      ],
      "metadata": {
        "id": "JNNNhBEjmjFk"
      }
    },
    {
      "cell_type": "code",
      "source": [
        "# Define the selected categories (cuisines)\n",
        "selected_categories = [\"American (New)\", \"Australian\", \"Beer, Wine & Spirits\", \"Breakfast & Brunch\",\n",
        "                       \"Chicken Wings\", \"Chinese\", \"Cupcakes\", \"Desserts\", \"Ice Cream & Frozen Yogurt\",\n",
        "                       \"Indonesian\", \"Italian\", \"Japanese\", \"Juice Bars & Smoothies\", \"Korean\",\n",
        "                       \"Mexican\", \"Patisserie/Cake Shop\", \"Pizza\", \"Ramen\", \"Salad\",\n",
        "                       \"Sandwiches\", \"Seafood\", \"Soup\", \"Sushi Bars\", \"Vegetarian\"]"
      ],
      "metadata": {
        "id": "zVVDHJMwpKU5"
      },
      "execution_count": null,
      "outputs": []
    },
    {
      "cell_type": "code",
      "source": [
        "# Step 1: Load business data and map business_id to their categories\n",
        "def load_business_categories(business_file_path):\n",
        "    business_categories = defaultdict(list)  # Map business_id to list of categories\n",
        "    with open(business_file_path, 'r', encoding='utf-8') as file:\n",
        "        for line in file:\n",
        "            business = json.loads(line.strip())\n",
        "            if 'categories' in business:\n",
        "                business_id = business['business_id']\n",
        "                # Check if the business belongs to any of the selected categories\n",
        "                categories = [cat for cat in business['categories'] if cat in selected_categories]\n",
        "                if categories:\n",
        "                    business_categories[business_id] = categories\n",
        "    return business_categories\n",
        "\n",
        "# Step 2: Collect reviews and store them in separate files for each category\n",
        "def collect_reviews_by_category(business_categories, review_file_path, reviews_directory):\n",
        "    category_reviews = defaultdict(str)  # To accumulate reviews for each category\n",
        "    review_count = 0\n",
        "\n",
        "    with open(review_file_path, 'r', encoding='utf-8') as file:\n",
        "        for line in file:\n",
        "            review = json.loads(line.strip())\n",
        "            business_id = review['business_id']\n",
        "            if business_id in business_categories:\n",
        "                # Append the review text to the corresponding categories\n",
        "                review_text = review['text']\n",
        "                for category in business_categories[business_id]:\n",
        "                    category_reviews[category] += ' ' + review_text\n",
        "                review_count += 1\n",
        "\n",
        "                # Print progress for every 50,000 reviews processed\n",
        "                if review_count % 50000 == 0:\n",
        "                    print(f\"Processed {review_count} reviews so far.\")\n",
        "\n",
        "    # Save reviews to files by category\n",
        "    for category, reviews in category_reviews.items():\n",
        "        file_path = os.path.join(reviews_directory, f\"{category.replace('/', '_')}.txt\")  # Handle path issues\n",
        "        with open(file_path, 'w', encoding='utf-8') as writer:\n",
        "            writer.write(reviews)\n",
        "        print(f\"Saved reviews for {category} to {file_path}\")\n",
        "\n",
        "    print(f\"Total reviews processed and saved: {review_count}\")\n",
        "\n",
        "# Step 3: Main function to coordinate the process\n",
        "def main():\n",
        "    # Load business data and filter for selected categories\n",
        "    business_categories = load_business_categories(business_file_path)\n",
        "    print(f\"Found {len(business_categories)} businesses in the selected categories.\")\n",
        "\n",
        "    # Collect and save reviews by category\n",
        "    collect_reviews_by_category(business_categories, review_file_path, reviews_directory)\n",
        "    print(\"Review collection and saving completed.\")\n",
        "\n",
        "if __name__ == '__main__':\n",
        "    main()"
      ],
      "metadata": {
        "colab": {
          "base_uri": "https://localhost:8080/"
        },
        "id": "-mAQw6LG1Vpb",
        "outputId": "9570d6b8-9066-4f68-aa02-8ca6d0d9dff6"
      },
      "execution_count": null,
      "outputs": [
        {
          "output_type": "stream",
          "name": "stdout",
          "text": [
            "Found 9907 businesses in the selected categories.\n",
            "Processed 50000 reviews so far.\n",
            "Processed 100000 reviews so far.\n",
            "Processed 150000 reviews so far.\n",
            "Processed 200000 reviews so far.\n",
            "Processed 250000 reviews so far.\n",
            "Processed 300000 reviews so far.\n",
            "Processed 350000 reviews so far.\n",
            "Processed 400000 reviews so far.\n",
            "Processed 450000 reviews so far.\n",
            "Saved reviews for Ice Cream & Frozen Yogurt to /content/drive/MyDrive/Data Mining Project UIUC/reviews_by_category/Ice Cream & Frozen Yogurt.txt\n",
            "Saved reviews for Chinese to /content/drive/MyDrive/Data Mining Project UIUC/reviews_by_category/Chinese.txt\n",
            "Saved reviews for Pizza to /content/drive/MyDrive/Data Mining Project UIUC/reviews_by_category/Pizza.txt\n",
            "Saved reviews for Mexican to /content/drive/MyDrive/Data Mining Project UIUC/reviews_by_category/Mexican.txt\n",
            "Saved reviews for Sandwiches to /content/drive/MyDrive/Data Mining Project UIUC/reviews_by_category/Sandwiches.txt\n",
            "Saved reviews for Chicken Wings to /content/drive/MyDrive/Data Mining Project UIUC/reviews_by_category/Chicken Wings.txt\n",
            "Saved reviews for Beer, Wine & Spirits to /content/drive/MyDrive/Data Mining Project UIUC/reviews_by_category/Beer, Wine & Spirits.txt\n",
            "Saved reviews for Breakfast & Brunch to /content/drive/MyDrive/Data Mining Project UIUC/reviews_by_category/Breakfast & Brunch.txt\n",
            "Saved reviews for American (New) to /content/drive/MyDrive/Data Mining Project UIUC/reviews_by_category/American (New).txt\n",
            "Saved reviews for Italian to /content/drive/MyDrive/Data Mining Project UIUC/reviews_by_category/Italian.txt\n",
            "Saved reviews for Seafood to /content/drive/MyDrive/Data Mining Project UIUC/reviews_by_category/Seafood.txt\n",
            "Saved reviews for Japanese to /content/drive/MyDrive/Data Mining Project UIUC/reviews_by_category/Japanese.txt\n",
            "Saved reviews for Soup to /content/drive/MyDrive/Data Mining Project UIUC/reviews_by_category/Soup.txt\n",
            "Saved reviews for Salad to /content/drive/MyDrive/Data Mining Project UIUC/reviews_by_category/Salad.txt\n",
            "Saved reviews for Sushi Bars to /content/drive/MyDrive/Data Mining Project UIUC/reviews_by_category/Sushi Bars.txt\n",
            "Saved reviews for Juice Bars & Smoothies to /content/drive/MyDrive/Data Mining Project UIUC/reviews_by_category/Juice Bars & Smoothies.txt\n",
            "Saved reviews for Vegetarian to /content/drive/MyDrive/Data Mining Project UIUC/reviews_by_category/Vegetarian.txt\n",
            "Saved reviews for Desserts to /content/drive/MyDrive/Data Mining Project UIUC/reviews_by_category/Desserts.txt\n",
            "Saved reviews for Korean to /content/drive/MyDrive/Data Mining Project UIUC/reviews_by_category/Korean.txt\n",
            "Saved reviews for Indonesian to /content/drive/MyDrive/Data Mining Project UIUC/reviews_by_category/Indonesian.txt\n",
            "Saved reviews for Patisserie/Cake Shop to /content/drive/MyDrive/Data Mining Project UIUC/reviews_by_category/Patisserie_Cake Shop.txt\n",
            "Saved reviews for Cupcakes to /content/drive/MyDrive/Data Mining Project UIUC/reviews_by_category/Cupcakes.txt\n",
            "Saved reviews for Ramen to /content/drive/MyDrive/Data Mining Project UIUC/reviews_by_category/Ramen.txt\n",
            "Saved reviews for Australian to /content/drive/MyDrive/Data Mining Project UIUC/reviews_by_category/Australian.txt\n",
            "Total reviews processed and saved: 487523\n",
            "Review collection and saving completed.\n"
          ]
        }
      ]
    },
    {
      "cell_type": "markdown",
      "source": [
        "###**Next Steps:**  \n",
        "\n",
        "1. Preprocess the Collected Reviews:  \n",
        "  Before calculating similarities, we need to clean and preprocess the text in the review files. This typically involves:\n",
        "  - Lowercasing the text.  \n",
        "  - Removing stop words (e.g., \"and\", \"the\").  \n",
        "  - Removing punctuation and special characters.  \n",
        "  - Stemming or lemmatizing the words to reduce them to their root form (e.g., \"running\" becomes \"run\").\n",
        "\n",
        "2. Vectorize the Text for Each Category:  \n",
        "  After preprocessing the reviews, we will convert them into a numerical format (vectorization) using techniques such as:  \n",
        "  - TF-IDF (Term Frequency-Inverse Document Frequency): This gives more weight to words that are frequent in one category but not frequent across all categories.\n",
        "  - Bag-of-Words (BOW): A simpler method that counts word occurrences.\n",
        "  - Word Embeddings (optional): Advanced methods like Word2Vec or GloVe could be used to capture more semantic relationships between words.  \n",
        "\n",
        "3. Calculate Similarities Between Categories:\n",
        "\n",
        "  Use Cosine Similarity to compute the similarity between the review vectors for each category. Cosine similarity is a measure that calculates the cosine of the angle between two vectors, indicating how similar the two vectors are.\n",
        "\n",
        "4. Visualize the Similarities:\n",
        "\n",
        "  Once the similarities are calculated, create a visualization (e.g., a heatmap) to show how closely related the cuisines are based on their reviews."
      ],
      "metadata": {
        "id": "PIJwlfEirFgd"
      }
    },
    {
      "cell_type": "code",
      "source": [
        "nltk.download('stopwords')\n",
        "\n",
        "# File paths\n",
        "reviews_directory = '/content/drive/MyDrive/Data Mining Project UIUC/reviews_by_category'\n",
        "preprocessed_directory = '/content/drive/MyDrive/Data Mining Project UIUC/preprocessed_reviews'\n",
        "\n",
        "# Ensure the preprocessed reviews directory exists\n",
        "if not os.path.exists(preprocessed_directory):\n",
        "    os.makedirs(preprocessed_directory)\n",
        "\n",
        "# Preprocess text\n",
        "def preprocess_text(text):\n",
        "    # Convert to lowercase\n",
        "    text = text.lower()\n",
        "    # Remove punctuation and numbers\n",
        "    text = re.sub(r'\\d+', '', text)\n",
        "    text = re.sub(r'[^\\w\\s]', '', text)\n",
        "    # Tokenize\n",
        "    tokens = text.split()\n",
        "    # Remove stopwords\n",
        "    stop_words = set(stopwords.words('english'))\n",
        "    tokens = [word for word in tokens if word not in stop_words]\n",
        "    # Stemming\n",
        "    ps = PorterStemmer()\n",
        "    tokens = [ps.stem(word) for word in tokens]\n",
        "    return ' '.join(tokens)\n",
        "\n",
        "# Preprocess all reviews in the reviews directory\n",
        "def preprocess_reviews(reviews_directory, preprocessed_directory):\n",
        "    for filename in os.listdir(reviews_directory):\n",
        "        if filename.endswith(\".txt\"):\n",
        "            file_path = os.path.join(reviews_directory, filename)\n",
        "            with open(file_path, 'r', encoding='utf-8') as file:\n",
        "                reviews = file.read()\n",
        "                preprocessed_reviews = preprocess_text(reviews)\n",
        "\n",
        "            # Save the preprocessed reviews\n",
        "            preprocessed_file_path = os.path.join(preprocessed_directory, filename)\n",
        "            with open(preprocessed_file_path, 'w', encoding='utf-8') as preprocessed_file:\n",
        "                preprocessed_file.write(preprocessed_reviews)\n",
        "            print(f\"Preprocessed and saved: {filename}\")\n",
        "\n",
        "# Main function to preprocess reviews\n",
        "preprocess_reviews(reviews_directory, preprocessed_directory)"
      ],
      "metadata": {
        "colab": {
          "base_uri": "https://localhost:8080/"
        },
        "id": "nVaICuTc92uF",
        "outputId": "9c9805cb-abd4-4719-ed30-08c26ab4642f"
      },
      "execution_count": null,
      "outputs": [
        {
          "output_type": "stream",
          "name": "stderr",
          "text": [
            "[nltk_data] Downloading package stopwords to /root/nltk_data...\n",
            "[nltk_data]   Unzipping corpora/stopwords.zip.\n"
          ]
        },
        {
          "output_type": "stream",
          "name": "stdout",
          "text": [
            "Preprocessed and saved: Ice Cream & Frozen Yogurt.txt\n",
            "Preprocessed and saved: Chinese.txt\n",
            "Preprocessed and saved: Pizza.txt\n",
            "Preprocessed and saved: Mexican.txt\n",
            "Preprocessed and saved: Sandwiches.txt\n",
            "Preprocessed and saved: Chicken Wings.txt\n",
            "Preprocessed and saved: Beer, Wine & Spirits.txt\n",
            "Preprocessed and saved: Breakfast & Brunch.txt\n",
            "Preprocessed and saved: American (New).txt\n",
            "Preprocessed and saved: Italian.txt\n",
            "Preprocessed and saved: Seafood.txt\n",
            "Preprocessed and saved: Japanese.txt\n",
            "Preprocessed and saved: Soup.txt\n",
            "Preprocessed and saved: Salad.txt\n",
            "Preprocessed and saved: Sushi Bars.txt\n",
            "Preprocessed and saved: Juice Bars & Smoothies.txt\n",
            "Preprocessed and saved: Vegetarian.txt\n",
            "Preprocessed and saved: Desserts.txt\n",
            "Preprocessed and saved: Korean.txt\n",
            "Preprocessed and saved: Indonesian.txt\n",
            "Preprocessed and saved: Patisserie_Cake Shop.txt\n",
            "Preprocessed and saved: Cupcakes.txt\n",
            "Preprocessed and saved: Ramen.txt\n",
            "Preprocessed and saved: Australian.txt\n"
          ]
        }
      ]
    },
    {
      "cell_type": "code",
      "source": [
        "from sklearn.feature_extraction.text import TfidfVectorizer\n",
        "\n",
        "# Vectorize the preprocessed reviews\n",
        "def vectorize_reviews(preprocessed_directory):\n",
        "    reviews_data = []\n",
        "    category_names = []\n",
        "\n",
        "    # Load the preprocessed reviews for each category\n",
        "    for filename in os.listdir(preprocessed_directory):\n",
        "        if filename.endswith(\".txt\"):\n",
        "            file_path = os.path.join(preprocessed_directory, filename)\n",
        "            with open(file_path, 'r', encoding='utf-8') as file:\n",
        "                reviews = file.read()\n",
        "                reviews_data.append(reviews)\n",
        "                category_names.append(filename.replace(\".txt\", \"\"))\n",
        "\n",
        "    # TF-IDF vectorizer\n",
        "    vectorizer = TfidfVectorizer(max_features=1000)  # Limiting to top 1000 words for simplicity\n",
        "    vectors = vectorizer.fit_transform(reviews_data)\n",
        "\n",
        "    return vectors, category_names\n",
        "\n",
        "# Execute vectorization\n",
        "vectors, category_names = vectorize_reviews(preprocessed_directory)\n",
        "print(\"Vectorization complete!\")"
      ],
      "metadata": {
        "colab": {
          "base_uri": "https://localhost:8080/"
        },
        "id": "kH8PuPDXCgDh",
        "outputId": "4430294b-ae52-40c6-98d6-f0252ecf9904"
      },
      "execution_count": null,
      "outputs": [
        {
          "output_type": "stream",
          "name": "stdout",
          "text": [
            "Vectorization complete!\n"
          ]
        }
      ]
    },
    {
      "cell_type": "code",
      "source": [
        "# Calculate cosine similarity between categories\n",
        "def calculate_similarity(vectors, category_names):\n",
        "    similarity_matrix = cosine_similarity(vectors)\n",
        "\n",
        "    # Print similarity matrix\n",
        "    print(\"Cosine Similarity Matrix:\")\n",
        "    print(similarity_matrix)\n",
        "\n",
        "    return similarity_matrix\n",
        "\n",
        "# Execute similarity calculation\n",
        "similarity_matrix = calculate_similarity(vectors, category_names)"
      ],
      "metadata": {
        "colab": {
          "base_uri": "https://localhost:8080/"
        },
        "id": "HfpFtG5ICmnS",
        "outputId": "caba3899-f0f1-48b0-c865-3376294662ae"
      },
      "execution_count": null,
      "outputs": [
        {
          "output_type": "stream",
          "name": "stdout",
          "text": [
            "Cosine Similarity Matrix:\n",
            "[[1.         0.68225139 0.611002   0.69197557 0.75421685 0.68333106\n",
            "  0.75593438 0.74765231 0.75565746 0.71141952 0.7311885  0.68361216\n",
            "  0.73395716 0.76037992 0.63232381 0.81080788 0.74799007 0.89127682\n",
            "  0.68368775 0.66868912 0.75942801 0.62146528 0.48435466 0.58501909]\n",
            " [0.68225139 1.         0.67665003 0.86099701 0.82487792 0.82285985\n",
            "  0.77864817 0.87216787 0.89258934 0.84092639 0.89230276 0.85628005\n",
            "  0.86464046 0.87363719 0.78117076 0.81930458 0.92018729 0.79320673\n",
            "  0.91052746 0.90856819 0.59831959 0.43394371 0.57508424 0.66049604]\n",
            " [0.611002   0.67665003 1.         0.6749438  0.79962661 0.76121097\n",
            "  0.70598715 0.7227163  0.76216167 0.91130992 0.72119739 0.65278338\n",
            "  0.69720985 0.82842774 0.60559252 0.70036919 0.74709311 0.69980097\n",
            "  0.66458832 0.66802365 0.54662232 0.39429804 0.43362099 0.56750625]\n",
            " [0.69197557 0.86099701 0.6749438  1.         0.82410313 0.79411206\n",
            "  0.80254559 0.86630781 0.88630429 0.82616551 0.87124932 0.78569404\n",
            "  0.82771751 0.86481947 0.7226907  0.81463794 0.89401008 0.7879806\n",
            "  0.85004617 0.84057645 0.60315303 0.44219623 0.51483841 0.67341994]\n",
            " [0.75421685 0.82487792 0.79962661 0.82410313 1.         0.83298026\n",
            "  0.84298971 0.91354615 0.9100383  0.89504963 0.86496332 0.78730934\n",
            "  0.92228874 0.95573121 0.72808574 0.87919681 0.8959807  0.85950594\n",
            "  0.81349545 0.79915713 0.69294865 0.50304809 0.53115556 0.68887336]\n",
            " [0.68333106 0.82285985 0.76121097 0.79411206 0.83298026 1.\n",
            "  0.78654696 0.8296844  0.86772243 0.84274391 0.82897112 0.75555827\n",
            "  0.79060953 0.85489468 0.69551836 0.79680006 0.84600542 0.77847471\n",
            "  0.79277888 0.80241882 0.58616139 0.43735652 0.49629158 0.71131987]\n",
            " [0.75593438 0.77864817 0.70598715 0.80254559 0.84298971 0.78654696\n",
            "  1.         0.8418317  0.88874742 0.83905334 0.84645487 0.7625912\n",
            "  0.80922614 0.85924281 0.71134941 0.83590367 0.84667543 0.82829121\n",
            "  0.77565338 0.78396213 0.69310875 0.49723743 0.50326813 0.72167131]\n",
            " [0.74765231 0.87216787 0.7227163  0.86630781 0.91354615 0.8296844\n",
            "  0.8418317  1.         0.95396579 0.88271457 0.91230565 0.8189401\n",
            "  0.87963552 0.93654345 0.75510884 0.87918319 0.91583929 0.86987067\n",
            "  0.85304786 0.85874518 0.68333497 0.49627532 0.5449592  0.70531194]\n",
            " [0.75565746 0.89258934 0.76216167 0.88630429 0.9100383  0.86772243\n",
            "  0.88874742 0.95396579 1.         0.9307965  0.96096397 0.85006166\n",
            "  0.88625975 0.95417205 0.78791766 0.88065675 0.94942613 0.87659322\n",
            "  0.87564745 0.90130327 0.6803426  0.4944316  0.5482205  0.75375146]\n",
            " [0.71141952 0.84092639 0.91130992 0.82616551 0.89504963 0.84274391\n",
            "  0.83905334 0.88271457 0.9307965  1.         0.90716445 0.80222733\n",
            "  0.84316903 0.93863237 0.74115752 0.82329356 0.90169493 0.82939196\n",
            "  0.82183995 0.84848067 0.64393087 0.46297109 0.5190582  0.67898695]\n",
            " [0.7311885  0.89230276 0.72119739 0.87124932 0.86496332 0.82897112\n",
            "  0.84645487 0.91230565 0.96096397 0.90716445 1.         0.86667484\n",
            "  0.86120243 0.91009848 0.80888092 0.84237484 0.91802473 0.85104663\n",
            "  0.8722541  0.88738539 0.6605057  0.48324712 0.54312754 0.70872653]\n",
            " [0.68361216 0.85628005 0.65278338 0.78569404 0.78730934 0.75555827\n",
            "  0.7625912  0.8189401  0.85006166 0.80222733 0.86667484 1.\n",
            "  0.80444178 0.8213275  0.98124014 0.78763485 0.8423607  0.77579252\n",
            "  0.84508389 0.80637827 0.60380299 0.44325934 0.60526739 0.64663514]\n",
            " [0.73395716 0.86464046 0.69720985 0.82771751 0.92228874 0.79060953\n",
            "  0.80922614 0.87963552 0.88625975 0.84316903 0.86120243 0.80444178\n",
            "  1.         0.94005967 0.73183375 0.86527114 0.91116583 0.83279339\n",
            "  0.85325237 0.80970268 0.67450898 0.48120369 0.59224282 0.65893372]\n",
            " [0.76037992 0.87363719 0.82842774 0.86481947 0.95573121 0.85489468\n",
            "  0.85924281 0.93654345 0.95417205 0.93863237 0.91009848 0.8213275\n",
            "  0.94005967 1.         0.75674596 0.90077027 0.95705097 0.86924111\n",
            "  0.85599449 0.85706313 0.69427332 0.49643679 0.54150467 0.70230188]\n",
            " [0.63232381 0.78117076 0.60559252 0.7226907  0.72808574 0.69551836\n",
            "  0.71134941 0.75510884 0.78791766 0.74115752 0.80888092 0.98124014\n",
            "  0.73183375 0.75674596 1.         0.72631412 0.77094474 0.71584814\n",
            "  0.77620191 0.73028718 0.55877635 0.41031977 0.48271118 0.60692382]\n",
            " [0.81080788 0.81930458 0.70036919 0.81463794 0.87919681 0.79680006\n",
            "  0.83590367 0.87918319 0.88065675 0.82329356 0.84237484 0.78763485\n",
            "  0.86527114 0.90077027 0.72631412 1.         0.89613705 0.86987021\n",
            "  0.80720849 0.79740639 0.71627163 0.52533241 0.54136578 0.68358797]\n",
            " [0.74799007 0.92018729 0.74709311 0.89401008 0.8959807  0.84600542\n",
            "  0.84667543 0.91583929 0.94942613 0.90169493 0.91802473 0.8423607\n",
            "  0.91116583 0.95705097 0.77094474 0.89613705 1.         0.85514026\n",
            "  0.89069146 0.91689091 0.67456155 0.48515084 0.55247032 0.70039859]\n",
            " [0.89127682 0.79320673 0.69980097 0.7879806  0.85950594 0.77847471\n",
            "  0.82829121 0.86987067 0.87659322 0.82939196 0.85104663 0.77579252\n",
            "  0.83279339 0.86924111 0.71584814 0.86987021 0.85514026 1.\n",
            "  0.78476165 0.78658473 0.83069253 0.75329743 0.53049275 0.65804244]\n",
            " [0.68368775 0.91052746 0.66458832 0.85004617 0.81349545 0.79277888\n",
            "  0.77565338 0.85304786 0.87564745 0.82183995 0.8722541  0.84508389\n",
            "  0.85325237 0.85599449 0.77620191 0.80720849 0.89069146 0.78476165\n",
            "  1.         0.86205018 0.60004047 0.4344276  0.56836332 0.65763442]\n",
            " [0.66868912 0.90856819 0.66802365 0.84057645 0.79915713 0.80241882\n",
            "  0.78396213 0.85874518 0.90130327 0.84848067 0.88738539 0.80637827\n",
            "  0.80970268 0.85706313 0.73028718 0.79740639 0.91689091 0.78658473\n",
            "  0.86205018 1.         0.60178444 0.44009687 0.51709194 0.65755595]\n",
            " [0.75942801 0.59831959 0.54662232 0.60315303 0.69294865 0.58616139\n",
            "  0.69310875 0.68333497 0.6803426  0.64393087 0.6605057  0.60380299\n",
            "  0.67450898 0.69427332 0.55877635 0.71627163 0.67456155 0.83069253\n",
            "  0.60004047 0.60178444 1.         0.6213477  0.41682602 0.52379621]\n",
            " [0.62146528 0.43394371 0.39429804 0.44219623 0.50304809 0.43735652\n",
            "  0.49723743 0.49627532 0.4944316  0.46297109 0.48324712 0.44325934\n",
            "  0.48120369 0.49643679 0.41031977 0.52533241 0.48515084 0.75329743\n",
            "  0.4344276  0.44009687 0.6213477  1.         0.31273049 0.36957415]\n",
            " [0.48435466 0.57508424 0.43362099 0.51483841 0.53115556 0.49629158\n",
            "  0.50326813 0.5449592  0.5482205  0.5190582  0.54312754 0.60526739\n",
            "  0.59224282 0.54150467 0.48271118 0.54136578 0.55247032 0.53049275\n",
            "  0.56836332 0.51709194 0.41682602 0.31273049 1.         0.42205791]\n",
            " [0.58501909 0.66049604 0.56750625 0.67341994 0.68887336 0.71131987\n",
            "  0.72167131 0.70531194 0.75375146 0.67898695 0.70872653 0.64663514\n",
            "  0.65893372 0.70230188 0.60692382 0.68358797 0.70039859 0.65804244\n",
            "  0.65763442 0.65755595 0.52379621 0.36957415 0.42205791 1.        ]]\n"
          ]
        }
      ]
    },
    {
      "cell_type": "code",
      "source": [
        "# Visualize the similarity matrix with a heatmap\n",
        "def visualize_similarity(similarity_matrix, category_names):\n",
        "    plt.figure(figsize=(16, 12))\n",
        "    sns.heatmap(similarity_matrix, xticklabels=category_names, yticklabels=category_names, cmap=\"YlGnBu\", annot=True)\n",
        "    plt.title(\"Cosine Similarity Between Categories\")\n",
        "    plt.show()\n",
        "\n",
        "# Create the heatmap\n",
        "visualize_similarity(similarity_matrix, category_names)"
      ],
      "metadata": {
        "colab": {
          "base_uri": "https://localhost:8080/",
          "height": 768
        },
        "id": "xMt2HoTJDGjh",
        "outputId": "c2efe0c2-03aa-49fe-b90d-9c6b4dd8d12c"
      },
      "execution_count": null,
      "outputs": [
        {
          "output_type": "display_data",
          "data": {
            "text/plain": [
              "<Figure size 1600x1200 with 2 Axes>"
            ],
